0,521
113,3
113,2
113,1
113,0
112,3
112,2
112,1
112,0
111,4
111,3
111,2
111,1
111,0
110,4
110,3
110,2
110,1
110,0
109,4
109,3
109,2
109,1
109,0
108,3
108,2
108,1
108,0
107,35
3,2
3,1
3,3
10,283
10,11
10,29
10,75
10,313
10,253
10,123
10,2
10,3
9,7
9,1
9,5
9,2
9,3
8,4
8,6
8,11
8,12
8,2
8,3
106,3
106,2
106,1
106,0
105,3
105,2
105,1
105,0
104,4
104,3
104,2
104,1
104,0
103,4
103,3
103,2
103,1
103,0
102,4
102,3
102,2
102,1
102,0
101,3
101,2
101,1
101,0
20,3
20,2
20,1
19,3
19,2
19,1
12,3
12,2
12,1
11,30
11,29
11,28
11,27
11,26
11,25
11,24
11,23
11,21
11,20
11,19
11,18
11,17
11,16
11,15
11,13
11,12
11,11
11,9
11,8
11,7
11,6
11,5
11,4
11,3
11,2
18,1
11,1
10,306
18,3
